3451 341382048362178
6220 308382362726103
6789 47795422535479
989 233734500195401
2263 634127664907365
7484 712737882895663
2539 652485218280597
8547 758042019619749
8076 866581326929689
82 660760063388725
3644 777673912306359
858 715359653902125
9040 784339360698430
719 890118076385082
5268 470638425490197
8210 934905816152725
3278 439679410143750
5893 590141374142232
5257 489343543583333
3937 146607213738304
356 873472924466369
6062 972761861957082
2298 336955731637683
3272 542927278040682
7444 231284187275369
5856 678744537106556
2476 110923069863390
3912 77397585101049
7868 637730357206336
7749 414066656867881
5769 896514570268845
1989 796401876471890
3559 129505836314029
2007 142208897711210
3852 50100989983913
6200 664617872017397
7320 524958278513813
8746 73816993073033
1199 617919926566971
8269 601097812177448
9247 442577016149430
5089 729252220602998
594 495197441245175
1275 608167311497515
9684 821400833276309
7724 741301616421148
7417 453643791102119
88 918084460433052
9440 5076076056439
2460 739570919807833
603 405007480438955
1134 338577668105606
2578 141780310077916
2860 480654515637656
2571 608516267169787
8796 912631664626976
1199 783644241122503
2970 881242470926900
3713 535063793296331
6954 696951519295649
382 34917339642413
4532 164070246686536
9790 592931780151767
2704 558100536532265
9919 867479699194793
9344 494156837638991
6333 857343369678349
2295 103858183327219
1797 489926107243601
8582 286484857119089
7750 926008388597146
8962 910805632070296
3032 686939661634534
4266 24257853188919
4614 233729025356992
8064 396174290861230
395 699270341737608
2272 172994776769952
6209 143555078761480
7001 65905937240993
5632 866920660150114
8461 718720535370533
3923 773714853643567
9384 91663224003036
7188 112431131441009
3744 254761086466295
9109 390844048387702
3758 260579264150788
5964 656321807500068
985 846310073596117
6889 625461183807143
7888 835278971526548
7132 218707054652418
4146 711483016252659
7035 871134967728184
4634 909101585701174
8682 699058738967359
7296 158108644819750
7556 348091908474553
2821 182438393243572
5885 715107528644697
1862 759830950276406
5760 639368891776405
8302 944452269953613
4042 888220536607349
1836 825269196340791
3011 345744887775107
9110 816003990224203
1269 222334125141974
3183 38475559775842
4560 778901887230491
1222 921021138740434
7269 303077731811615
6449 78206402851908
404 884094312233799
3692 307331380075608
4736 709160740224233
6994 27823853388766
9909 130370643312533
7042 264129974093364
4058 60579344047850
9783 386567072021388
8886 984098753396489
959 360424247851136
2856 988726867406823
9180 281544660285265
7686 202386815849373
5312 686623847350093
7706 414430812846321
1437 918212278764289
5134 5568974046256
2001 127809619706833
2157 85356666621432
7766 968283770114150
3369 489935511068540
3448 928072273759795
5887 624826435773289
9644 65590574510889
3842 117343133084044
3332 329371016001585
6523 707085754391125
663 437726206691175
4913 989285559513163
2615 355551004220660
1419 244645162790686
4295 949421472955010
5569 949399116375568
5502 310993215542860
493 892093401299616
2428 42826269075555
7095 201966791381173
2478 180238624794347
4173 166856344586746
7353 241003777972814
6075 684150251375098
5057 629559878500245
741 192211264034935
1270 752749689052515
494 643301058223395
7793 434714403327221
4222 883833839096762
1279 640609351723661
9501 494814479277400
2284 158790018942560
4594 928594913048298
1020 884328249249887
8207 33593710283401
8459 640635146574408
2667 663052304612227
8190 531405380510360
817 81556108872823
7357 8097995833462
6416 324248285709375
7597 800508647728532
8175 829285565223667
8349 275105568911085
3593 627940157269297
847 599121911432898
8759 195197693909326
4251 610351307192276
4489 205997497053158
4642 992508386029549
2698 479143320553043
2547 343281263278884
3916 944059251654452
8762 989431091522972
6310 587855698083598
4210 442726548331790
8113 67394729695614
7932 319422525307689
2620 589786171803740
6779 567024206308255
9771 765620514368748
5288 202746464703052
6145 436423751756565
5777 79792449273607
5943 70909732131143
4542 781292895239068
2524 921941693756151
580 719657348504960
7983 344921829532638
9452 573047734838909
7914 92068631258528
3789 652299663073690
2315 149152564193223
6176 980405233312659
4322 991943727483435
7117 871461111624639
2784 164030935948752
1770 254060547227449
915 855451642596375
1205 878819824707157
8489 165642806928540
1223 416833490280740
8810 867563931283286
370 877271988676961
9029 288469117158638
6742 400849636170381
7452 816087484586851
2614 618734970937676
6947 978088084920067
8327 564824549785796
6192 981610686456244
3036 202119941279496
4705 424829012571858
7414 293337066022391
6201 136979943897141
4086 767748048077148
1366 575985991841630
5845 769505421377595
1496 38592276092607
3231 450597830887350
8470 103839967962594
7118 931872699347838
9097 39898107935919
2810 540121623426897
6166 4764310174431
7772 841809420892636
2753 913686713547666
8764 619634461802358
4881 506698239313423
4263 849887308009320
253 127383851490527
1814 53902561991663
3297 503009473937936
6738 699696378058845
2398 629764260944824
8255 703254910799203
710 423879670031508
8668 586297064401943
9566 262973137626482
8395 222811096042105
8700 245972066755312
9941 261144480184234
6787 429413047708334
9732 142914791543547
1165 182372606615694
8542 642463598939147
3198 459072066590535
7257 237407739263984
6963 678943246014642
5629 544311831258478
563 889062413764912
6870 186355184855743
7719 204110817645901
5725 56641175428323
5085 117643195062648
2205 300698111526609
2571 918716644334638
4650 869938543907155
9976 712048542226771
8671 570699901279337
8106 310470850255570
9886 43011149879344
8722 580201806512219
3298 796422506198511
3349 220622902797176
1339 784325232367766
2981 906974460553218
1741 281211858792573
6403 438194712742186
490 70343956839783
3974 198673494704596
4828 27735590009994
9933 388312725913791
742 887135176875544
3281 580759083660916
6735 825281135493712
2392 715636373817873
840 263737325460931
8014 19391637643280
157 958585867091989
4900 935663733103092
5274 340423703588406
3378 990410284162647
109 364151716969916
6494 837964101245858
865 818925278831444
1824 594395500871643
2493 118387835667491
531 687286931346679
4277 180899823819973
1990 451132318019620
3169 985882797318257
6166 249818629806955
349 27039510955447
6243 783280656773837
9000 332104225519750
2890 440035476491439
2310 150148150039599
1396 154164960721200
5206 787800598291043
8122 142815254907922
9751 58816412163070
4985 639493936023201
6551 501836215375605
2864 811380568500310
4553 878920449181887
8533 317667834538077
5481 307608844611063
4424 73392813609727
772 316367500257797
9303 767403594752314
2643 459406477397955
6353 91525185642982
6403 295132211874293
3021 660191742093450
9548 426172396369013
1798 805875901942181
7665 405931134492613
8981 643907478463573
2702 772901544106233
1583 741562161599389
3065 157174478027381
3201 964759456123623
8200 408485153689328
6385 57718425390978
7641 222541577690020
3415 247795121778505
4566 729986135337661
5201 402341263885877
8075 600448502235592
5560 917068697197325
6556 65393981041661
54 635307116971571
4476 20406451278995
4072 825585419647182
9687 487196857855165
6499 10430427279306
1310 722575117237450
6530 86022461609701
7878 569497458566071
7168 769156031248265
7279 18843453417580
1319 841378444200630
2444 579338624909001
5632 745179398554027
8396 79327873524722
9601 803521694986175
4843 171573745883957
1532 613054363163391
2377 237959709508587
8575 234773523235590
5751 845697476080128
8109 623024567068520
2968 996524059196796
9929 734433386988630
2027 918607534575977
4852 134858600804132
8261 820725912397052
4951 875867632676261
5553 679659359240976
6539 999236146127204
2204 652079788100080
8857 347213462263536
6382 365579627526175
978 665407384125443
2340 199856859813910
7426 172738301636340
5263 972752743893349
2170 695475096166448
4769 383076288641891
3327 49683213809523
3899 654960149140037
7767 837870698392017
5264 700180319968916
3373 571605868334370
2266 308276377718744
5436 928822595129267
2895 475998245486576
7969 368970055771592
1327 688221038426094
135 35504908286062
7857 740571327806195
4748 835586413969891
1741 112459982912637
6703 793230799073050
1415 362648970239276
5785 807591431222850
5695 353227818963759
98 605225115550289
4400 770646286734285
1596 739461871023926
9111 982025135385552
9330 464374383015967
9139 105742810816521
7910 252027434631805
5313 713340278311862
2470 280957371695160
8523 736252689040024
8513 788818978760554
5624 631289282006348
6424 751125388317796
2269 33188978092699
9700 976501756877417
8580 463658025120490
4570 707296462454009
7460 219977549316605
7075 872594822461893
2620 935909183999626
6524 701381494804379
4704 947357722414861
2145 692762155210345
3695 353298241820742
3166 618188771078744
5884 323806807141220
4856 3985886454136
3619 61500964034357
9448 577952744963356
8648 545882699067546
1667 263448299708807
8520 790810978487166
8370 63040697608315
8861 605513445705273
695 262092350166045
3780 953751570873843
3569 976507330069103
3605 776604813967028
7004 291013602354525
8760 481808913563930
2628 358166332238478
4876 612019269689149
54 672495248964621
854 473150666606267
1736 959169813185348
7949 594910363025875
6642 760012944182113
8879 195418206315115
6399 423350598815082
4324 566741484364328
1990 381387787990356
1177 65316036448315
803 972001448944711
8533 632150372734071
7020 215003368387085
9496 631225211702130
1869 655653854778883
725 28230792494291
6177 701323428484062
4803 932042183349735
9822 629976691466519
2014 254883848430931
9467 432492412020525
8622 108946582980576
8758 416993485963182
29 206160763
6755 370654135822765
1750 859903193687506
8865 353827980064088
9917 377505060058591
7523 611705498509970
3607 535952145899247
3021 798157884185529
3851 124475119494717
274 450345096621276
2279 319148460463230
7097 729694583259816
8510 635563182603783
9761 469043138568286
6664 539608695112272
6072 224928000667822
9979 915797572114249
5390 572089030364993
9475 812024629650287
1217 344345699990754
6578 626812806282051
6544 33900479343922
3394 370187615454029
1692 644929643109417
6921 72439052067909
9980 386095067188592
7700 720539589509018
6885 86951814491471
5127 190958408922601
521 486039602733743
2260 214285145369622
9106 340793074183390
7374 815264062753501
8871 138584588760795
8826 105128306287229