7 64
13 2685
7 50
16 32105
10 2
17 16877
15 5394
2 1
18 127000
3 2
14 7131
13 1895
13 2347
14 1164
11 17
12 1157
7 26
1 1
17 62167
7 34
8 11
11 430
5 6
10 386
14 6495
11 208
3 1
15 9000
2 1
4 8
6 15
12 1126
13 4003
10 505
2 1
7 35
18 7350
5 14
12 310
6 12
5 1
12 574
10 357
18 74462
10 406
14 1105
1 1
19 152311
19 166484
11 417
8 16
20 92666
20 400970
18 130671
17 2793
3 2
13 2706
12 14
8 108
14 3117
19 167776
11 52
2 2
14 4861
11 274
20 204031
16 3459
19 156406
6 5
5 1
20 407528
7 49
11 567
5 8
13 2323
5 12
6 18
9 44
16 1026
15 3176
10 243
20 254107
2 2
14 3963
18 60485
9 198
18 118132
20 288253
16 7399
14 89
15 12353
10 427
4 6
11 458
8 33
2 2
12 1781
20 61898
3 2
7 50